Version: 2

Number of IDs: 24
Common Shelves: 12 - Single Shelves: 0
Number of Layers: 3
Locked Shelves: 0
Pair Rate: 0.5400
Pair Amount: 13 - Single Amount: 46
Weight: W1=0.6500 - W2=0.3000 - W3=0.0500
W1 Validation Threshold: 0.7000

W3 IDs: [23, 24]
W2 IDs: [20, 17, 19, 21, 22, 16, 18]
W1 IDs: [3, 8, 9, 15, 2, 6, 10, 13, 12, 11, 5, 14, 7, 4, 1]
W1 Solver-Placed IDs: [8, 15]
Edited IDs: [1, 2, 3, 4, 5, 6, 8, 9, 10, 11, 12, 14, 15, 16, 17, 18, 19, 21, 22, 23, 24]

===
.--------------------------------------------------------------------------------------.
| Shelf | Single | Lock |      Layer 0      |      Layer 1      |       Layer 2        |
|-------|--------|------|-------------------|-------------------|----------------------|
| 0     |        |    0 | 2 single (2-item) | 1 pair (2-item)   | 2 single (2-item)    |
| 1     |        |    0 | 1 pair (2-item)   | 2 single (2-item) | 2 single (2-item)    |
| 2     |        |    0 | 1 pair (2-item)   | 2 single (2-item) | 1 pair (2-item)      |
| 3     |        |    0 | 1 pair (2-item)   | 2 single (2-item) | 2 single (2-item)    |
| 4     |        |    0 | 2 single (2-item) | 2 single (2-item) | pair+single (3-item) |
| 5     |        |    0 | 1 pair (2-item)   | 1 pair (2-item)   | 1 single (1-item)    |
| 6     |        |    0 | 2 single (2-item) | 1 pair (2-item)   | 1 pair (2-item)      |
| 7     |        |    0 | 2 single (2-item) | 2 single (2-item) | 2 single (2-item)    |
| 8     |        |    0 | 2 single (2-item) | 3 single (3-item) | 1 pair (2-item)      |
| 9     |        |    0 | 2 single (2-item) | 2 single (2-item) | 1 pair (2-item)      |
| 10    |        |    0 | 1 pair (2-item)   | 2 single (2-item) | 1 single (1-item)    |
| 11    |        |    0 | 2 single (2-item) | 2 single (2-item) | 2 single (2-item)    |
'--------------------------------------------------------------------------------------'

===

.------------------------------------------------------------.
| Shelf | Single | Lock |   Layer 0  |  Layer 1  |  Layer 2  |
|-------|--------|------|------------|-----------|-----------|
| 0     |        |    0 | [24,18,0]  | [0,18,18] | [0,0,13]  |
| 1     |        |    0 | [4,14,4]   | [0,15,8]  | [20,5,0]  |
| 2     |        |    0 | [17,17,11] | [8,0,8]   | [10,0,10] |
| 3     |        |    0 | [0,16,16]  | [0,17,0]  | [3,0,0]   |
| 4     |        |    0 | [19,23,19] | [0,14,14] | [5,5,0]   |
| 5     |        |    0 | [0,21,21]  | [19,0,16] | [10,0,0]  |
| 6     |        |    0 | [0,2,2]    | [20,0,20] | [0,11,11] |
| 7     |        |    0 | [0,6,6]    | [0,7,7]   | [9,0,0]   |
| 8     |        |    0 | [1,1,12]   | [9,9,24]  | [13,13,0] |
| 9     |        |    0 | [6,0,2]    | [22,0,23] | [0,22,22] |
| 10    |        |    0 | [12,12,23] | [7,0,4]   | [1,0,0]   |
| 11    |        |    0 | [15,24,15] | [0,0,21]  | [3,3,0]   |
'------------------------------------------------------------'

===

.----------------------------------------.
| Step | Item ID | From Shelf | To Shelf |
|------|---------|------------|----------|
|    0 |       2 |          9 |        6 |
|    1 |       6 |          9 |        7 |
|    2 |      23 |         10 |        0 |
|    3 |      12 |          8 |       10 |
|    4 |       7 |         10 |        7 |
|    5 |       4 |          1 |       10 |
|    6 |       4 |          1 |       10 |
|    7 |       1 |         10 |        8 |
|    8 |      18 |          0 |        3 |
|    9 |      24 |          8 |        0 |
|   10 |       9 |          7 |        8 |
|   11 |      23 |          0 |        9 |
|   12 |      24 |         11 |        0 |
|   13 |      18 |          3 |        0 |
|   14 |      13 |          0 |        8 |
|   15 |      14 |          1 |        0 |
|   16 |      15 |          1 |       11 |
|   17 |      21 |         11 |        5 |
|   18 |      16 |          5 |        3 |
|   19 |      17 |          2 |        3 |
|   20 |      17 |          2 |        3 |
|   21 |       3 |          3 |       11 |
|   22 |       8 |          1 |        3 |
|   23 |      20 |          1 |        6 |
|   24 |      11 |          2 |        6 |
|   25 |       8 |          3 |        2 |
|   26 |      23 |          4 |        3 |
|   27 |      19 |          5 |        4 |
|   28 |      14 |          0 |        4 |
|   29 |       5 |          1 |        4 |
|   30 |      10 |          5 |        2 |
|   31 |      22 |          9 |        0 |
|   32 |      23 |          3 |        9 |
|   33 |      22 |          0 |        9 |
'----------------------------------------'
