Version: 2

Number of IDs: 34
Common Shelves: 12 - Single Shelves: 0
Number of Layers: 4
Locked Shelves: 0
Pair Rate: 0.4000
Pair Amount: 14 - Single Amount: 74
Weight: W1=0.5500 - W2=0.4000 - W3=0.0500
W1 Validation Threshold: 0.8000

W3 IDs: [33, 32, 34]
W2 IDs: [30, 20, 29, 23, 27, 31, 19, 24, 22, 26, 25, 21, 28]
W1 IDs: [13, 1, 15, 18, 8, 17, 5, 16, 12, 14, 2, 6, 3, 4, 11, 10, 9, 7]
W1 Solver-Placed IDs: [2]
Edited IDs: [1, 2, 4, 5, 6, 7, 8, 9, 10, 11, 12, 13, 14, 15, 16, 17, 18, 19, 20, 21, 22, 23, 24, 25, 26, 27, 28, 29, 30, 31, 32, 33, 34]

===
.----------------------------------------------------------------------------------------------------------------.
| Shelf | Single | Lock |      Layer 0      |       Layer 1        |       Layer 2        |       Layer 3        |
|-------|--------|------|-------------------|----------------------|----------------------|----------------------|
| 0     |        |    0 | 2 single (2-item) | 3 single (3-item)    | pair+single (3-item) | 3 single (3-item)    |
| 1     |        |    0 | 2 single (2-item) | pair+single (3-item) | 1 pair (2-item)      | 1 single (1-item)    |
| 2     |        |    0 | 2 single (2-item) | 3 single (3-item)    | pair+single (3-item) | 1 single (1-item)    |
| 3     |        |    0 | 1 pair (2-item)   | pair+single (3-item) | pair+single (3-item) | 1 single (1-item)    |
| 4     |        |    0 | 2 single (2-item) | 1 single (1-item)    | 1 single (1-item)    | 3 single (3-item)    |
| 5     |        |    0 | 2 single (2-item) | 1 pair (2-item)      | pair+single (3-item) | 1 pair (2-item)      |
| 6     |        |    0 | 2 single (2-item) | 1 single (1-item)    | 2 single (2-item)    | 3 single (3-item)    |
| 7     |        |    0 | 2 single (2-item) | 1 single (1-item)    | 3 single (3-item)    | 2 single (2-item)    |
| 8     |        |    0 | 1 pair (2-item)   | pair+single (3-item) | 1 single (1-item)    | pair+single (3-item) |
| 9     |        |    0 | 2 single (2-item) | 2 single (2-item)    | 2 single (2-item)    | 2 single (2-item)    |
| 10    |        |    0 | 2 single (2-item) | 1 single (1-item)    | 1 single (1-item)    | 2 single (2-item)    |
| 11    |        |    0 | 2 single (2-item) | pair+single (3-item) | 3 single (3-item)    | 2 single (2-item)    |
'----------------------------------------------------------------------------------------------------------------'

===

.--------------------------------------------------------------------------.
| Shelf | Single | Lock |   Layer 0  |   Layer 1  |   Layer 2  |  Layer 3  |
|-------|--------|------|------------|------------|------------|-----------|
| 0     |        |    0 | [11,11,0]  | [7,20,8]   | [22,22,0]  | [0,0,0]   |
| 1     |        |    0 | [14,16,16] | [25,23,25] | [33,33,0]  | [0,0,0]   |
| 2     |        |    0 | [24,24,0]  | [31,7,7]   | [21,21,19] | [17,0,0]  |
| 3     |        |    0 | [27,27,0]  | [34,34,2]  | [13,28,28] | [1,1,0]   |
| 4     |        |    0 | [9,26,9]   | [3,4,0]    | [15,22,0]  | [0,32,32] |
| 5     |        |    0 | [33,14,14] | [0,26,26]  | [34,15,15] | [0,19,19] |
| 6     |        |    0 | [0,30,30]  | [0,2,2]    | [12,12,0]  | [0,0,10]  |
| 7     |        |    0 | [6,16,6]   | [27,31,31] | [0,18,18]  | [5,0,1]   |
| 8     |        |    0 | [23,0,23]  | [8,8,30]   | [13,13,0]  | [0,17,17] |
| 9     |        |    0 | [20,0,20]  | [0,9,28]   | [21,10,10] | [0,0,0]   |
| 10    |        |    0 | [0,29,11]  | [3,0,24]   | [4,4,0]    | [5,5,32]  |
| 11    |        |    0 | [0,25,6]   | [29,3,29]  | [18,12,0]  | [0,0,0]   |
'--------------------------------------------------------------------------'

===

.----------------------------------------.
| Step | Item ID | From Shelf | To Shelf |
|------|---------|------------|----------|
|    0 |      11 |         10 |        0 |
|    1 |      20 |          0 |        9 |
|    2 |      26 |          4 |       10 |
|    3 |       9 |          9 |        4 |
|    4 |      14 |          1 |        0 |
|    5 |      16 |          7 |        1 |
|    6 |      23 |          1 |        8 |
|    7 |      30 |          8 |        6 |
|    8 |       8 |          0 |        8 |
|    9 |      25 |         11 |        1 |
|   10 |      33 |          5 |        1 |
|   11 |      14 |          0 |        5 |
|   12 |      26 |         10 |        5 |
|   13 |       6 |         11 |        7 |
|   14 |      27 |          7 |        3 |
|   15 |       2 |          3 |        6 |
|   16 |      34 |          5 |        3 |
|   17 |      13 |          3 |        8 |
|   18 |      28 |          9 |        3 |
|   19 |       3 |         11 |        4 |
|   20 |      29 |         10 |       11 |
|   21 |      24 |         10 |        2 |
|   22 |      31 |          2 |        7 |
|   23 |       7 |          0 |        2 |
|   24 |      12 |         11 |        6 |
|   25 |      18 |         11 |        7 |
|   26 |       1 |          7 |        3 |
|   27 |       3 |          4 |       10 |
|   28 |       3 |          4 |       10 |
|   29 |       4 |          4 |       10 |
|   30 |      22 |          4 |        0 |
|   31 |      15 |          4 |        5 |
|   32 |      19 |          2 |        5 |
|   33 |      21 |          9 |        2 |
|   34 |      17 |          2 |        8 |
|   35 |      10 |          6 |        9 |
|   36 |      32 |         10 |        4 |
|   37 |       5 |          7 |       10 |
'----------------------------------------'
